2
10 10
72 64  8 31 21 33 97 15 59 29
83 52  9 12 64 43 75 21 77  1
56 99 35 10 46 87 34 62  7 58
44 28  6 14 79 91 37 49 80 47
76 57 19 88  3 53 82 45 60 95
13 67 24 70 49 66  4 84 38 59
22  5 28 92 15 41 86 67  0 24
30 80 62 73  2 98 55 91 50  3
16  9 48 58  7 25 68 34 76  1
39 62 57 94  4 19 27 52 80 10
18 45 68 22  5 39 17 94 61 28
81  3 16 77 48 33 56 14 92 79
27 64 91 54 83  1 75 24 41  9
35 10 56 62 90 71 29 19 12 57
44 88 53 29  8  4 73 87 68 66
99 20  1 85 54 31 41  9 32 73
18 45  9 92 13 47 38 66 71 55
82 77 34 16  7 64 23  0 88 90
58 31 24 46 83 89 57 76 12 14
29 97 62 81  0 50 30 17 93 69
