Matriz 1:20  8 44 26 35  0 53 48 84 24 41 82 11  1 28 51 16 85 86 65 20 76 62 23
  97 18  8 61 32 91 96 49 27 30 54 23 38 15 84 53 47  8  4 18 34 14 12 76
  69 35
 95 87 42 32 15 92 84 65  9 89 20 91  8 69  4 40 68 10 25 79 31 40 64 74
  76 38 13 87 73 97 70 36 61 87 84 36 66 36 98 21 75 30 74 27 23 14 23  5
  23 81
 43 68 13 28 25 81 65 43 79 78 83 87 45 97 85  5 42 86 69 75 92 27 30  0
  31 67 83 94 81 81 92 69 11 73 59 89 92 43  9 92 75 94 93 46 26 73 78 24
  28  5
 33  8 26 27 73 58 34 32 51 64 74 89 87 41  4 70 70 61 30 87 69 70 82 16
  69 39 79 97 84 12 33 79 36 31 69 59 65 34 66 49 77 22 36 86 96 40 52 41
   8 47
 82 64 55 80 36  7 73 28 75 57 63 67 58 82 74 10 67 46 85 82  8 97 82 18
  12 35 78 86 45 55 33  3 75  7 81 29  6 14 53  2 85 87 56 83 81 27 88 38
   3 14
 42 54 98 49 52 34 20 64 72 18  3 85 62 34 50 42  5 63 17 71 62 88 53 93
  60 14 99 96 61 15 25 79 91 97 84 67 37 11 71 30 32 23 58 48 63 84 71 88
  60 63
 43 26  6 33 10 38 31 97 26 78 22 74 95 75 77 53 91 25  9 43 25  0 93 51
   2 71 14 68 64 35 88 81 39 64 40 40  5 56 57 51 23  8  6 43 62 96 62 81
  23 43
 33 10 50  3 53 47 89 21 60 88 69 81 14 29 95 10 37 90 92 30 85 93 82 31
  67 93 99 53 59 12 53 28 95 88 39  3 96 98  5  1  0 20 57 69 28 75 85 28
  84 14
  9 20 57 85 85 51 28 98 64 13 65 96 36 56 32 30  2 59 47 51 93 42 43 70
  68  8 33 18 28 66 95 79  4 16 47 38 81 55 73 99 93 20 10 32 40 10 67 82
   7 94
 87 28 13 26 88 25 51 37 33 23  2 77 42 29 14 39 75  1 71 93 73 20 23 62
  26 11 67 63 36 98 46 83 94  6 13 34 59 74  0 93  0 92 51 56 98 16 58 37
  91 53
 46  9 65 34 91 34 80 84 30 93  8 30 31 26 79 36 59 63 96 56 99 40 91 45
  47 50 87 27 31 22 68 25 32 44 22 76 43 66 96 37 40 31 63 87  4 38 71 17
   8 46
 70  7 58 21 53 54  4 48  0 85 17 33 10  4 22 91  8 97  3 22 60 16 39 37
  70 96 24 50 94 46 23 37 22 69 79 79 86 81 49 27 81 59 79 18  8 44 70 42
   8 43
 49 40 22 44 36 88  5 98 39 38 17 94 75  2 53 69 53 75 11 64  5 66 30  9
  23  1 54 12 18 33 19  7 60 29 80 27 17 24  1 78 64 11 77 97 61 12 31 81
  22  4
 23 28 60 41 89 40 29 66  6 45 47 17 79 48 41 92 53 20 28 85 13 24 34 77
  86 30 50 76 26 60 33 95 11 48 95 53 28 36 84 56 75 67 99 31 42 87 26 69
  64 29
 45 27 12 26 43  7 18 78 88 26 18 66  7 37 88 18 96 52 24 98 25 96 70  5
  11 57  6  2 21 40 36 47 30 59 63  3 79 84 46  4 27 52 36 20  0 73 98 46
  55 57
 11  4 30 27 60 25 68 54 79 32 38 66 39 60 12 32 69  3 65 48 83  1 35 50
  31 37 28 64 20 31 16 35 55 63 77 61 24 63 13 45 64 18 81 96 33 26 70 41
  70 95
 86 42 77 86 42 18 67 26 96 74 34 95  3 86 38 27  6 43 86 95 54 68 30  3
  90  5 85 87 43 74 11 17 42 27 71 88 57 10 67 58 42 16 54 91 22 16 13 35
  87 10
 18 52 41 67 41 62  1 42 62 37 38 78 58 88 26 78 86 25 47 60 35  9 55 59
  14 74 25  3 96 30 49 45 34 64 14 40 75 32 82 48 12 54 76 36 41 50 47 42
  95 34
 90 14 17 64 97 89 36 69  4 88 60 76 12 22 49 73 82 37 19 71 88 80 73 72
  20 90 17 48 30 60 50 63 55 15 82 25 30 11 38 79 22 23 83 99 74 81 73 46
  55 66
 75 76 97 58 32 79 81 46 64 78 26  0 70 89 14 74 92 61 13  1 58 52 60 64
  78 74  9 85  5 96 22 84 88 31 45 27 61 65 36 96 25  6 13 53 53 65 80  6
  63 45
 96 57 79 98 18 95 28 23 60 26 56 74 85 42  0 37 77 56 86 45 99  5 55 79
  91  9 67 71 20 58 54  2 80 33 29 15  0 24 15  5 68 48 42 92 86 22 41 97
  32 14
 16 13 77 98 99 66 17 58 69  5 57  9  4 52 89 45 68 88 51 65 78 73 14 56
  16 13 69 66 36 34 58 93 16 41 81 27 67 43 42 41 27 62 40 68 86 90 26 38
   2 13
 90 26  5 81 74 87 39 26 73 50 16 22 10 38 79 40 34 60  9 68 14 27 46 84
  53 35 89 23 15 25 78 85 46 46 62  2 27 85 73 86 10 56 79 60  1 50 77  9
  71 11
 50 46 70 72 44 25 69 69 41 43  5 14 17 97 80 32  7 97 17 73 11 90 43 94
  69 34 45 28 88  2 73 79 47 20 92 37 84 51 13 12  3 44 10 53 10 45 66 33
  49 31
 65 75 43 62 28 36 65 35  0 89 78 27 69 75 51 49 56 61 29 91 54  7 97 24
  13 55 44 24 73  7 73 14 60 49 82 37 58 39 64 42 92 68 55  4 67 25 30 59
  78 97
 53 38 84 38 40 13 20 64 21 13 13 94 87 99 34 78 49 67  9 35 80 56 25 54
  83 36 74 81 51 31 96 99 16 78 16  8 56 46 81 49 58 30 79 65 77 75 28 85
  80  1
  7 75 91 12 12 98 99 67 91  7  4 14 54 71 78 41 43 68  5 89 57 29 73 43
  65 19 14 46 69 59  9 75 66 79 78 31  5 71  6 17 32 12  9 63 32 64 18  0
  77 74
 55  6 68  4 47  3 43 53 81 79  9 98 91 86 31 82 88 36 35 39 54 16 43 82
  45 80  2 70  3 14  4 72 61 85 34 61 69 11  9  3  9 24  7 79 74 52 41 30
  99 95
 81 35 49 94 19 86 69 24 30 21 60 49 75 62 42 43 49 81 10 51 54 58 32  4
  20 95 80 59 34 88 86 41 55 96 67  5 78 96 26 74 96 39 39 53 84  1 34 41
  54 70
 76 87  6 27 66 87 21 90 86 93 53 97 34 56 39 31 86 42 84  4 92 54 15 81
  32 16 52  9 72 93 49 75 42 14 97 88 98 63 15 28 93 86  0 40 22 91 94 56
  61 42
  0 24 23 52 75 73 43 87 89 47 77 58  4 12 45 26 11 47 71 84 46 59 26 92
  89 66 41 16 37 62 30 74 31 69 54 40 36 39 23 69 24 36 67 69 12 26 78 62
  44 75
 82 49 20 87 77 71 12  5 19  7 93 61 18 40 11 98 74 92 71 21 94 80 44 70
  63 33 99 49 22 73 53 71 46 62 46 72 23 44 79 51  6 17 25 10 63 82 16 20
  71 41
 48 59 93 27 67 68 11 47 67 92 19 45 58 26 84 26 19 67 85 75 74 68 67 81
  28 39 94 44 17 65 40 41 99 65 44 38 94  1 23 68 19 79 52 80 95 92 20 87
  24 67
 10 21 86 72 84 56 55 33 35 68 95 70 74 87 36  5 42 19 44 86 59 46 42 14
  39 11 68 86 38 86 75 47 17 67 54 51 16 91 42 57 57 64 40 58 59 35 33 15
  37 78
 85 35 63 44 82 96 94 90 97 31  5 53 31 17 87 60  7 88 29 68 65 82  1 91
  54 20 40 12 88 75 82 86 78 31 36 50 99 64  2 71 81 94 60 88 60 23  0 19
   5 56
 77 57 42 54 78  1 60 28 54 14 47 19 80 17 71 35 61 52 68 12 59 64 44 43
   8 42 44 98 55 25 98 76 84 13  2 29 38 29 26 43 94 94 60 22 23 15 50 17
  40 93
  5 38 19 50 34 67 87 14 82  9 88 92 61 67 47 82 11 99 37 34 63 29 44 13
  67 99 57 38 10 99 57 35 68 49 26 77 48 60 65 71 65 58 66  7 99 58 59 94
   9  8
 92 25 29 80 71 63  6 10  7 66 41  1 18 77 94  5 91 10 59 52 60 14 24 49
  78 32 34 40 33 14 15 67 34 54 50 37  2 87 47 27 36 74  7 69 19 86 81 65
  58 56
 58 44 35 24 40 34  7 86 48 57 99 34 62 37 65 52 23 65 81 28 45  5  2 60
  77 78 51 53 45 38 80 80 35 87 93 11 33  2 93 80 93 32 24 14  9 32 60  4
  84 63
  9 80 36 95 84 73 83 58 94 48 61 16 32 19 77 67 27 81  0  8 78 10 82 66
  80 49 29 92 47  9 50 36 19 53 43 30 49 87 63  1 48 17 67 62 62 43 72 62
  23 74
 82 73 14 84 72  6 37 47 24 96 36 68 33 83 75 16 24 15 13 72 63 95  2 27
  25 57 92 29 74  8 16 52 28 77 73 30 79 79 72 85 92 52 76 18 13 97 62 59
  65 94
  2 81 38 46 79 73 63 31 51 91 70  0  1  9  2 26 62 63 49 99 54 86 15 39
   4 55  0 10 28 41 93 85 80 79 32 90 80  0 86 20  1 52 81 96 86 92 67  9
  20 12
 34 20 85 98 27 37 13 63 25 96 19 19 92 13 91 95 94 85 89 92 83 87 85 66
  59 22 66 46 65 47 70  0 84 13 62  5 42 75 61 52 52 22 98 68  2 78 61 26
  30 63
 31 73  2 93 50 10 75 94 58 42  7 29 50 88 17  8  3 67 22 42 65 13 75 81
  23 73 58 99 11 14 23  7 82  9 36 21  0 92 83 90 19 80  3 36 54 48 27 91
  21 46
 66  5 81 34 27 33 71 68 98 55 78 95 29  1 75 65 46 14 80 55 68 77 88 11
  42 37 69 71 37 56  1 72 66 37 61 96 91 79 34 19 57 49 12 19 28 75 91 70
  74  5
 54  0 77 46 68 97 22 62 49 99 94 13 21 74  1 66  4 35 67 75 21 63 74 88
   9 11 13  5 89 94 49  7 36 87 31 75 28  7  5 83 80 57  6 98 10 52  0 38
  92 31
 11 89 60 83 61 19 33 51 50 37 99 94 83 82  3 97 20 87 42 67 81 59 87  6
  44 31 44 27 22 53  5 72 51 26  6 46 88 70 50  5 73 17 10 63 14 85 69 88
  69 89
 35 50 18  4 38 31 75 56 28 51 98 39 87 75 78 45  4 95  6 83 43 22 12 70
  47  6 71 98 53 29 39 49 85 11 53 65 69 42 66 16 15 73 73 37 30 92 45 76
  63 82
 40 96 21 18 72 68 57 46 53 73 14 35 31 26 88 87 74 83 60 66 61 38 79 64
  58 54 70 15 37 76 91 71 32  5  4 88 80 28 67 37 56  8 43 57  8 37 34 82
  42 71
 46 10 91 87 50 13 95 96 37 61 61 30 94 61 53 78  1 94 93  0 59 80 30 61
  63 26  5 55 65 34  7 94 94 94 64 15 65 53 96  4 87 12 55 26 11 91 95 65
  74 76
Matriz 2:44 15 93  3 29 77  1 15  4 80 51 55 19 95 80 67 94 94 82 44 10 12 43 24
  36 34  6 74 50 46 56 99 14 15 73 95  6  1 13 71 75 17 43  0 45 25 30 33
  10 33
 56 30 95  5 63 57 81 42 55 34  7 83 51 66 99 31 64 45  4 66 47 94 23 49
   5 91 80 54 50 21  9 68 50 58 60 27 66 63 77 59 30 88 34 78 76 58 11 86
  24 59
 38 92 48 30 43 61 90 42 45 23  8 25 77 73 52 14 67 29 90 56 22 76 57 72
  42 89 31 65 73 44  5 37 61 74 21 90  8 23 74 95 25 25 81 70 90 74 17 89
  80 60
  3 85 90 56 93 15 45 55 88 86 52 96 92 97 55 29 67 63 48 75 81 50 46 71
  15 24 13 25 21 10 58 32 62  9 90 92 45  6 56  0 45 58 23  6 97 39 69 55
  51 11
 62 25 62 96 41 52  2 43 40 43 44 78 94 23 39 77 77 72 35 23 77  1 22  8
  38 87 28 40 70 81 83  1 91  7 57 94  2  0 12 68 68  6 90 39  7 68 15  5
  21  4
 16 57 32 88 71 76  0 55 40 39 91 13 15 72  3 93 80 83 89 35 88 60 10 86
  66  5 46 11 92 28 43 74  7 89 50 92 44 92 84 36 43 46 17 66 38 99 36  2
  22 21
 44 53 63 78 71 27 87 76 59 59 45  4 77  4 48 97  4 53  1 27 26 80 89 45
  31  8 22 71 77 30 28 93 51 54 83 58 31 90 55 10 62 42 89 43 81 59  8 62
  21 99
 29  3  5 82 91 89 58 64 78 67 22 50 89 63  8  5  4 71 92 68 63 69 82 23
  99  0 91 11 39 69 78  8 22 82 61 31  4 78 87 84 10  0 30 87 34 73 27 36
  17 83
  5 54  3  7 21 55 90  5 40 53 38 48 59 78 96 73 39 14 49 98 37 31 55 71
  63  3 50 15 43 91 92 36 75 19 14 61 96 91 41 87  2 97 94 98 74 86 84 94
  26 41
 26 34 80 19 74 30 24 30 17 82 24 20 81 67 51 48 14 89 65 58  9 33 48 61
  91 10 30 47 97 38 81 34 91 84 98 94 55 94 37 97 21 60 81 54 86 90 65 55
  28 35
 77 50 90 11 43 35 12 71 14 78 79  7 55 98 38 23 48 61 81 38 62 92 16 78
  76 38 25 41 34 79 10 14 92 45 41 44 82 94 73 80 13 73  3 56 94 12 20 14
  64 99
 61 91 22 31 40 12  4 40 42 20 20 58 82 22 57 53 32 15 86 98 96  3 31 13
  72 47 33 17 33 83  5 41 81  3 93 70 73  3 44  1 50 35  3 72 73 48 80 98
  71  6
 96  5 94 12 41 75 31 62 76 12 91 87  4 14 76 36 24 39 23 29 66 51 74 44
   5 97 96 30 41 55 60 47 25  1 12 67 86 58 76  7 21 99 80 90 56  3 45 84
  99 70
 74 45 71 24 13 28 87 32 56 84 89 76 73 44 46 53 42 34 46  4 63 76 59 75
  86 97 66 99 67 15 54 18 20 96 80 88 91 43 83 57 95 46 36 34 98 20 13 20
  81  4
  1 99 27 50  4 70 85 23  7 49 70 39 40 90 34 49 67 52 98 66 73 61 69 48
  47 37  3 83 81 45 63 19 28 63  4 67 61 65 21  3 68 43 62 23 10 58 23 65
  58 50
 71 95 39 80 12 50 25  2 33 78 84 45 68 79 23 33 51 14 89 59 73  6  7 92
  88 30 49 87 10 59 81 77 55 51 75 26 92 65 80 75 53 38  3 55 81 29 52 97
  62 97
 92 67 67 29 34 49 72 99 64 15 27 42 23 82 54  2  1 57 26 48 37 60 59 70
   3 21  0 12 24 85 50 26 19 58 92 49 59 42 17 12 20 46 49 30  9 96  7 60
  68 14
  8 93 75 39 87 57 78 66 32 17 41 79 20  9 39 78 22  8  9 19 56 59  7 72
  17 18 17 24 42 83 54 75 86 36 95 18 81 72 84 74 67 52 44 71  0 85 42 81
  42 20
 56 34  9 93 72  7 34 68 52 50 65  8 63 90 71  8 84 18  8 61 32 60 50 91
  11 36 84  2 72  4 17 42 33 30 30 35 30 65 55 44  4 50 23 36 43 18 62 88
  80 35
 51 71 87 89 23 37 45 47 99 21 83 93 85 67 85 33 46 83 92 68 19 50 69 49
   1 55 84 26 74 80 45  7 65 34 74 96 70 24 61 16 93 81 10 99 14  6 62 88
  27  4
 67 10 65 56 76 31 41 46 72 57 78 80 53 35 28  7 57 96 27 15 51 44 66 68
  45 93 16 71 29 47 97 22 76 24 99 86 85 80  0 72 67 25 27 73 55 43 88 97
  94 28
 93 42  8 65 36 27 98 45 10 59 57 85 60 36 47 93 83 10  0 68 69 51 71 45
  23 94 34 38  4 69 97 73 15 63 87 43 89 57 50 21 31 60 12 65 31 97 66 24
  55 36
 19 36 69  2  1 66 79  2 74 60 84 99 57  6 65 25 54 40 51  8 89 92 80 58
  92 42 26 64 74 78 54 41 85 47  0  4 10 71 40  6 33 41 97 92 21 62 48 69
  97 90
 74 51 66 41  6 73 72 39 35 43 69 35  8 52 11 18 43 79 87 93  5 20 15 23
  48 42 89 29 26 68 30 63 37 61 47 83  3 74 14 62 79 94 91 46 46 53 65 38
  95 28
 78 33 19 42 84 35 56 70  1 68 35 86 86 61  2 20 12 82  4 23 70 21 16 36
  55 63 28 29 13 49 87  4 40 42 27 63 11 67  8 13 22 88 78 67 59 46 54 65
  65 32
 45 26 19 84 73 98 65 16 84 94 39 62 45 42 15 12 21 95 41 44  0 15  3 73
  79 79 16 90 38 31 20 93 14 35 13 12  1 70 75 40 31 43 19 71 59 40 98  8
  20 51
  6 20  1 55 69 96 33 53 74 24 76  1 11 71 54  2 44 58 14 38 89 78 95 68
  92 85  7 65 80 45 31 51 13 94 63 44 69 34 35 68 27 83 30 92 44 82  9 87
  21 24
 56 91 65 89  9 34  2  7 16 14 12 84 19 11  3 97 87 34 25 71 92 86 31 76
  72 10  0 13 84 50 18 56 80  5 53  1  6 69 18 22 72 75  3 90 64 88 58 35
  58 39
 57 21 76 87  1 15 53 49  0 27 63 77 36 65 86 34 63 42  2 35 96  6 24 34
  19  9 62 65 86 14 40 68 12 64 91  1 16 98 73 40 27 92 97 92 89 19 16 33
  51 75
 21 18 16 34 76 39 37  4 47 30 87 31 51 47 99 26 46 38 14 84 79 12 45 88
  50 95 88 18 47 25 87 39 33 70 50 68  0 87 90 83 10 75 69  1 87 50 37 57
  28 92
 76 48  6 82 77 84 37 98 39 38 88 59 99 42 37 65 54 84 83 66 36 28 79 75
  20 86 54 77 60 38 48 44 77 90 80 85 81 54 73 49 43 24 11 51 65 44 65 93
  23 64
  1 45 61 72 25 38 53 38 76 48 25 63 91 31 33 69 13 39 74 67 83 19 82 48
  16 52 50 72 30 80 93 44 42  1 14 66 32  2 38 39 26 17 83 31  8 99 13 57
  99 95
  0 68 22 18 28 81  2 36 72 63 94 34 86 73 20 89 50 13 87 42 90 10 58 60
  54 29 65 89 87 47  8  9 11 37 71 60 51 96 41 33 73 43 97 29 18 30 70 24
  80 87
 25 64 79 47  5 62 55 82 13 84 80 54 63 26 66 93 85 32  1 68 60 96 36 88
  46 87 92 17 14 92 25 38 72 94 10 58 83 22 99  6 31 79 56 74 11 75 76 10
  70 43
 81 60 19 23 64 96  0 85 98 36 94 56 85 61  9 15 14 85 32 42 89 92 92 29
  11 32 78 26 43 56 58 97 29 16  2 89 97 48 12 86 96 98 54 12 24 85  2 31
  17 19
 26 18 80 58 67 41 71 99 84 78 12 70 49 82 97 67 80 20 29 42 52 34  6 12
  17 98 79 46 83 20  0 18 67 76  1 62 17 95 16 89 33 89 76 10  1 52 75  3
  22 24
 61 84 70 40 23 67 17 23 14 67 58 84 38 43  6 47 75 64 76  4  5 97  7 62
   2 68 82 66 20 64 22 26 55 48 78 73 66 85 34 49 31 94 71 90 24 42 58 79
  32 45
 92 11 88 57 80 65 53 48 19 79 25 77 66 99  9 92 61 84 70 74 30 95 45 75
  52 12 95 58 88 56 93 72 94 11 97 73  8 12 35 23 61 16 37  7 39 24 13 66
  14 74
 20 35 45 88  7 35 74 20 50 93 26 61 16 32 98 85 70 38 63 31 15 79 69 13
  35 28 82 58 32 80 30 34 64 99 35 87 96 19 62  2 45 56 37 93 42 55 28 23
  72 57
 70 13  9 95 37 51 13 56 60 91 25 74 84 82 88 75 47 10 47  0 74 57 99 65
  77 98 64 82 91 19 95 98 39 43 96 39 88  7 75 58 91 59 29 39 93 68 20 41
  96 12
 38 61 93 31 85 89 26 10 49 87 19 42 83 48 82 15 10 25 43 44 46 74 85 39
  98 34 38 58 40 15 68 23 82  7 65 85 81 80 53 39 24 62 15 64 26 36 20 86
  23 11
  8 54 54 92 29 45 52 24 40 74 10 59 13 55 85 39 10 96 61 45 88 48 28 50
   1 67 26 78 19 65 61 49 98 77 36 10 73 93 80 26 83 33 57  3  3 53 56 26
  66 96
 94 22 35  2 82 88 85 26 97 27 54  5 21 18 74 76 32 24 84 35  8 52 55 97
  20 25 32 39 52 63 17 27  2 37 33 38 92 52 42 54 92 95 66 28 32 54 72 70
  93 73
 73 68 47  7 52 23 19 27 54 60  4 30 66 49 94  7 52 17 26 43 19 40 65 33
  44 97 35 17 18 76 88 73 93 90 24 32 49 26 51 53  1 39 48 97 59 78 83 77
  34 74
  7 36 41 65 29  4  2 29 48 75 12 43 47 56 67 35 44 56 10 47 96 78 69 30
   7 68  8 27 70 23 89 56 34 64 48 27 96 55 60 45 90 51 94 83  2  5 84 63
  77 78
 47 16 37 24 57 63 84  8 43 56  7 42 22 91 43 34 53 26 65 46 77 19 49 21
   1 98 33 54 44 18 29 96 76 38 57 53 55 76 15 43 29 68 26 19 33 10  0  4
  90 87
 90 12  6 82 99 29 71 98 42 73 60 55 32 42 89 53 87 26 73 27 52 71 86 44
  98 68 72 30 54 41  8  2 10 89 52 33 30 64  7 95 69 17 79 57 23  8 10 59
  67 53
 62 45 57 98 16 15 69 90  3 67 51 76 40 52 14 61 48 61 40 82 58 99 14 48
  36 74 83 65 93 13 49 24 95 17 37 45 53 16 67 39 35 29 18 70 54 22 24 98
  35 59
 89 21 79 56 19  7  0  1 34 46 21 51 46 39 18  1  0 20 24 51  0 26 92 19
  29 50 95 41 26 34 98 89 85 40 78 93 68 52 88 61 89 96 50 12 53 92 33  3
  32 82
 89 19 61 27 48 55 56 11 84 71 62 92 76 79 96 41 12 96 70 70 59 16 25  5
  88 10 93  8 45 38  8 13 91 14 88 26  9 97 47  8 27 36  7 78 47 25 25 84
  42 14